7.019171087007056
6.308012444608628
6.875760160410088
6.442867886387365
7.093471111176791
6.926432479171213
7.292760848789579
5.875159491711819
7.496459433467606
5.451009152717687
5.968325602460548
6.993472896619689
7.052914855668362
6.494679861099694
7.15153025247357
6.706340502140996
5.485121244237229
6.379524138840948
5.195195856943887
6.652590519147483
6.182086941381675
7.3547113641948405
6.74257072002766
6.247232917219543
6.495365343560549
6.507134341045962
5.9822949154058245
5.940982211597674
7.863275589978379
6.099867041336475
7.751414403278913
7.390147789326589
6.464875326829296
6.992655632378372
6.975452066919149
6.441953687789413
7.359633441847254
6.39198254160355
7.248499243763792
6.2451624839637665
7.34328465969157
6.374699266190772
7.396914834959928
5.878534747037807
6.7070882199795
6.032543823691033
6.39253520657185
6.756458703217843
7.227220206405519
5.2844045274582925
5.754632530029517
7.191561774460573
7.9032725586252965
6.801058339534639
5.284405436037805
6.841340620869663
6.126423961669614
7.452861504403371
7.243504317300085
7.050469128711218
7.027953981780097
7.6061614761048295
7.169297542335556
6.620310479942591
6.743959061524779
6.012678913154654
7.136253394987566
6.65329235943895
7.42332847300456
5.749342699268312
7.102273349985734
6.618634237982429
6.738766903040335
7.164390056838495
6.280807415082638
7.9229075449603235
7.438367192899236
6.795672880051735
7.306982521329012
6.261429781545093
6.003672671487898
6.616965145073914
6.595062100456438
6.913502414118351
5.967418488298852
6.812462640697121
6.092335418817719
6.766977784971252
5.68190023917358
7.140595109371839
5.878399536727776
6.766929608287736
7.373672810781667
6.568869786014413
6.844127355513635
6.86461348413474
5.9302910529161466
6.907483230704045
7.300970530154684
7.559461936014161
6.261511721372479
7.377931600439808
6.467331932269918
7.861578723844241
5.579251765749941
7.203862761420542
6.171470418674971
5.9402763062001975
6.843712431136935
5.371261658893362
5.509740092375313
6.8717658870545595
6.853887347012081
5.580298849791736
7.681413273768335
6.303618111051392
6.632745487017131
6.127135493612338
5.925583677083224
6.293006713037996
7.923960605054071
5.333457874422253
6.85412487069235
5.941630843700307
6.343959497205848
7.63698208255515
5.290969325128714
6.9799470676396105
7.506679301839673
6.922566248072783
7.036727952792583
6.832597689833298
6.25825458721307
6.894849028419248
6.072378810569143
7.140709145112601
6.813504962050791
6.9875167627700385
6.5051467980763205
6.3256646246216395
7.174892511435414
7.403572024343911
6.983259859757671
6.9970192877242345
7.195073201333027
7.131088190048534
5.666560730182029
7.255199940263408
6.148042121265093
6.95130903677264
6.82559642726738
7.262862560701806
7.3715211421797715
6.965887640076867
5.125408386134053
7.039754175810089
6.457657654921295
7.707613453971449
6.687789275668861
6.059544648598937
6.3815650269483895
7.400112877090314
6.670365732252174
6.9756640896658055
5.7968880439652
6.332325364360192
6.741247390341237
7.784284839074939
6.828532043458662
6.93999095077058
5.077830236820388
5.840409020028767
5.926447378936142
5.7614661944559025
7.0275094474826245
7.2653785869550145
7.286798882112677
6.216251981708233
5.251737254085996
7.060897873609718
7.74561667689352
6.860964445843817
6.066138841403019
6.062413008106239
6.741843868177025
6.382929906464216
6.027017532845872
7.339988260821105
6.485622060387358
6.103815184091848
7.7788012593417974
7.389163352751275
6.421005035973598
7.125122208644276
7.74944922814391
7.0295535406092995
6.491699343747406
7.601063198397638
6.604402476177018
7.745635816441803